//use: NPCid - stabatt(melee att) slashatt(unused) crushatt(unused) magicatt rangeatt stabdef slashdef crushdef magicdef rangedef 
19109 - 300 300 300 300 300 200 200 200 200 200
10602 - 200 200 200 200 200 500 500 500 300 50
10547 - 350 350 350 200 200 500 500 500 50 800
20290 - 500 500 500 500 500 200 200 200 200 200
19818 - 500 500 500 250 500 400 400 400 200 100
19814 - 500 500 500 500 500 100 100 100 400 200
19877 - 300 300 300 200 200 200 200 200 200 200
19875 - 300 300 300 200 200 200 200 200 200 200
19879 - 300 300 300 200 200 200 200 200 200 200
19457 - 500 500 500 500 500 200 200 200 200 200
16697 - 800 800 800 400 400 400 400 400 100 800
16698 - 400 400 400 800 400 800 800 800 400 100
16699 - 400 400 400 400 800 100 100 100 800 400
//asc
17144 - 300 300 300 300 300 10000 10000 10000 10000 100
17145 - 300 300 300 300 300 10000 10000 10000 10000 100
17146 - 300 300 300 300 300 10000 10000 10000 10000 100
17147 - 300 300 300 300 300 10000 10000 10000 10000 100
17148 - 300 300 300 300 300 10000 10000 10000 10000 100
17149 - 300 300 300 300 300 10000 10000 10000 10000 100
17150 - 300 300 300 300 300 10000 10000 10000 10000 100
17151 - 300 300 300 300 300 10000 10000 10000 10000 100
17152 - 300 300 300 300 300 10000 10000 10000 10000 100
17153 - 300 300 300 300 300 10000 10000 10000 10000 100
17154 - 300 300 300 300 300 10000 10000 10000 10000 100
3200 - 250 250 250 250 250 100 100 100 100 100
4348 - 75 75 75 75 75 75 75 75 75 75
4349 - 75 75 75 75 75 75 75 75 75 75
4350 - 75 75 75 75 75 75 75 75 75 75
4351 - 75 75 75 75 75 75 75 75 75 75
4352 - 75 75 75 75 75 75 75 75 75 75
4353 - 100 100 100 100 100 100 100 100 100 100
4354 - 100 100 100 100 100 100 100 100 100 100
4355 - 100 100 100 100 100 100 100 100 100 100
4356 - 100 100 100 100 100 100 100 100 100 100
4357 - 100 100 100 100 100 100 100 100 100 100
13 - 270 200 200 500 460 420 411 414 466 400
19 - 270 200 200 500 460 420 411 414 466 400
50 - 300 10 10 200 0 250 350 400 350 400
51 - 280 221 221 210 210 278 280 280 300 360
60 - 270 200 200 500 460 420 411 414 466 400
62 - 270 200 200 500 460 420 411 414 466 400
64 - 50 0 0 0 0 50 50 50 0 50
70 - 2000 2000 2000 2000 2000 100 100 100 100 100
78 - 40 0 0 0 0 10 20 20 20 20
117 - 86 0 0 0 0 70 70 58 67 67
119 - 80 0 0 0 0 70 70 70 65 70
126 - 270 200 200 500 460 420 411 414 466 400
127 - 75 0 0 0 0 50 50 50 50 50
152 - 2000 2000 2000 2000 2000 100 100 100 100 100
182 - 50 0 0 0 0 45 40 50 45 45
183 - 50 0 0 0 0 45 40 50 45 45
213 - 2000 2000 2000 2000 2000 100 100 100 100 100
226 - 2000 2000 2000 2000 2000 100 100 100 100 100
742 - 121 10 10 170 0 200 215 254 201 320
879 - 20 0 0 0 0 30 30 30 30 30
912 - 0 0 0 85 0 75 75 75 75 75
913 - 0 0 0 85 0 75 75 75 75 75
914 - 0 0 0 85 0 75 75 75 75 75
941 - 221 15 15 224 210 274 275 294 241 330
941 - 221 15 15 224 210 274 275 294 241 330
1158 - 450 0 0 450 450 450 450 400 400 700
1160 - 450 0 0 450 450 600 600 600 200 550
//Bronze dragon
1590 - 260 201 201 190 190 258 260 260 280 340
//Iron dragon
1591 - 341 18 18 244 240 284 295 301 261 350
//Steel dragon
1592 - 361 20 20 264 260 301 312 315 281 370
1595 - 405 35 35 324 320 334 339 345 341 430
1596 - 425 40 40 344 340 345 348 355 361 450
1597 - 395 30 30 304 300 323 330 335 321 410
1599 - 500 500 500 500 500 500 500 500 500 500
//Abyssal Demon
1615 - 73 0 0 1 1 73 40 73 40 73
2025 - 0 0 0 172 0 202 184 216 172 99
2026 - 202 0 0 0 0 351 349 333 87 374
2027 - 174 0 0 0 0 358 356 340 88 375
2028 - 0 0 0 0 233 178 170 189 205 199
2029 - 184 0 0 0 0 361 359 343 88 385
2030 - 253 0 0 0 0 320 331 321 99 321
2355 - 180 0 0 150 150 325 325 325 275 370
//Wildy wyrm
2417 - 250 0 0 180 90 200 200 200 150 300
2734 - 20 0 0 0 0 20 20 20 50 20
2737 - 40 0 0 0 0 45 47 50 70 70
2738 - 20 0 0 0 0 23 24 25 35 35
2739 - 80 0 0 0 80 135 135 150 150 100
2741 - 160 0 0 0 0 190 185 185 180 125
2743 - 200 0 0 320 250 350 350 350 300 250
2745 - 2000 2000 2000 2000 2000 400 500 500 500 400
2881 - 2000 2000 2000 5000 2000 400 700 500 500 400
2882 - 2000 2000 2000 5000 2000 700 500 500 500 400
2883 - 5000 2000 2000 5000 2000 400 500 500 500 400
//Wyverns
3068 - 120 0 0 120 120 60 60 10 160 1
3069 - 120 0 0 120 120 60 60 10 160 1
3070 - 120 0 0 120 120 60 60 10 160 1
3071 - 120 0 0 120 120 60 60 10 160 1
//wildy wyrm
3334 - 250 250 250 250 250 200 200 200 150 300
20630 - 150 150 150 150 150 150 150 150 100 225
3340 - 250 0 0 0 0 300 300 300 250 300
18932 - 250 0 0 0 0 300 300 300 250 300
3375 - 0 0 0 200 0 300 300 300 300 300
3491 - 6000 300 300 300 600 500 350 500 300 600
3493 - 6000 300 300 300 600 500 350 500 300 600
3494 - 6000 300 300 300 600 500 350 500 300 600
3495 - 6000 300 300 300 600 500 350 500 300 600
3496 - 6000 300 300 300 600 500 350 500 300 600
3590 - 361 20 20 264 260 301 312 315 281 370
3590 - 361 20 20 264 260 301 312 315 281 370
3675 - 150 0 0 0 0 250 250 250 100 300
//Pest Invasion
//Splatters
3727 - 40 0 0 0 0 15 20 23 18 18
3728 - 45 0 0 0 0 15 20 23 19 18
3729 - 50 0 0 0 0 17 23 27 19 18
3730 - 60 0 0 0 0 20 25 30 20 20
3731 - 75 0 0 0 0 40 35 45 30 35
//Shifters
3732 - 110 0 0 0 0 70 65 45 6 80
3733 - 110 0 0 0 0 70 65 45 6 80
3734 - 115 0 0 0 0 75 70 50 7 90
3735 - 115 0 0 0 0 75 70 50 7 90
3736 - 120 0 0 0 0 80 75 55 8 94
3737 - 120 0 0 0 0 80 75 55 8 94
3738 - 130 0 0 0 0 85 80 60 10 99
3739 - 130 0 0 0 0 85 80 60 10 99
3740 - 190 0 0 0 0 120 120 95 15 120
3741 - 190 0 0 0 0 120 120 95 15 120
//Ravangers
3742 - 140 0 0 0 0 65 65 110 10 100
3743 - 140 0 0 0 0 65 65 110 10 100
3744 - 150 0 0 0 0 80 80 125 10 120
3745 - 150 0 0 0 0 80 80 125 10 120
3746 - 175 0 0 0 0 95 95 150 10 150
//Spinners
3747 - 80 0 0 0 0 73 73 73 25 81
3748 - 80 0 0 0 0 73 73 73 25 81
3749 - 90 0 0 0 0 76 76 76 27 85
3750 - 90 0 0 0 0 76 76 76 27 85
3751 - 100 0 0 0 0 80 80 80 30 90
//Torchers
3752 - 85 0 0 70 0 27 56 56 100 37
3753 - 85 0 0 70 0 27 56 56 100 37
3754 - 90 0 0 75 0 30 60 60 110 40
3755 - 90 0 0 75 0 30 60 60 110 40
3756 - 90 0 0 75 0 30 60 60 110 40
3757 - 90 0 0 75 0 30 60 60 110 40
3758 - 100 0 0 80 0 45 80 70 120 45
3759 - 100 0 0 80 0 45 80 70 120 45
3760 - 100 0 0 80 0 45 80 70 120 45
3761 - 100 0 0 80 0 45 80 70 120 45
//Defilers
3762 - 92 0 0 0 80 13 48 51 57 95
3763 - 92 0 0 0 80 13 48 51 57 95
3764 - 95 0 0 0 80 13 48 51 57 95
3765 - 95 0 0 0 80 13 48 51 57 95
3766 - 95 0 0 0 80 13 48 51 57 95
3767 - 95 0 0 0 80 13 48 51 57 95
3768 - 100 0 0 0 90 15 60 60 60 100
3769 - 100 0 0 0 90 15 60 60 60 100
3770 - 100 0 0 0 90 15 60 60 60 100
3771 - 100 0 0 0 90 15 60 60 60 100
//Brawlers
3772 - 150 0 0 0 0 110 100 100 70 130
3773 - 175 0 0 0 0 115 110 120 76 140
3774 - 175 0 0 0 0 115 110 120 76 140
3775 - 200 0 0 0 0 120 120 125 80 150
3776 - 200 0 0 0 0 120 120 125 80 150
4400 - 70 0 0 0 0 65 65 60 65 65
4677 - 121 10 10 124 0 214 215 254 201 320
4678 - 121 10 10 124 0 214 215 254 201 320
4679 - 121 10 10 124 0 214 215 254 201 320
4680 - 121 10 10 124 0 214 215 254 201 320
//Waterfiend
5361 - 100 100 100 200 400 300 300 300 300 300
//Brutal Green Dragon
5362 - 281 20 20 224 250 300 300 300 276 357
//Mithril Dragon
5363 - 381 25 25 284 280 312 321 325 301 390
//Confused Barbarian
5364 - 400 0 0 400 400 150 300 300 165 175
//Terror Dogs
5417 - 120 0 0 1 1 150 90 150 200 200
5418 - 100 0 0 1 1 130 70 130 180 180
6203 - 600 0 0 0 400 500 350 500 300 600
6204 - 300 0 0 0 0 300 300 300 200 200
6206 - 100 0 0 0 300 300 300 300 200 200
6208 - 100 0 0 0 0 300 300 300 200 200
6222 - 400 0 0 0 650 300 0 0 500 300
6223 - 100 0 0 0 0 300 300 300 200 200
6225 - 600 0 0 0 300 100 300 300 200 200
6227 - 300 0 0 0 0 100 300 300 200 200
//Zamorak Minions
//hellhound
6210 - 85 0 0 1 1 50 50 50 50 50
//Imp
6211 - 5 0 0 1 1 2 2 2 2 2
//Werewolves
6212 - 65 0 0 1 1 40 40 40 20 40
6213 - 65 0 0 1 1 40 40 40 20 40
//Vampyre
6214 - 60 0 0 1 1 40 40 40 10 80
//Bloodveld
6215 - 100 0 0 1 1 20 60 10 90 30
//Pyrefiend
6216 - 35 0 0 1 1 15 15 15 1 30
//Gorak
6218 - 140 0 0 1 1 70 70 70 10 120
//Spiritual Warrior
6219 - 110 0 0 1 1 40 40 40 20 90
//Spiritual Ranger
6220 - 1 0 0 1 110 20 20 20 130 90
//Spiritual Mage
6221 - 1 0 0 110 1 30 30 30 200 20
//Spiritual Warrior
6229 - 80 0 0 1 1 80 80 80 30 60
//Spiritual Range
6230 - 1 0 0 1 80 60 120 40 160 110
//Spiritual Mage
6231 - 1 0 0 60 1 100 100 100 190 10
//aviansies
6232 - 1 0 0 1 60 70 70 70 130 75
6233 - 1 0 0 1 65 80 80 80 130 75
6234 - 1 0 0 1 70 80 80 80 130 75
6235 - 1 0 0 1 72 80 80 80 130 75
6236 - 1 0 0 1 70 80 80 80 130 75
6237 - 1 0 0 1 85 90 90 50 190 55
6238 - 1 0 0 1 95 90 90 80 190 55
6239 - 1 0 0 1 105 100 100 100 400 65
6240 - 1 0 0 1 75 70 70 70 130 70
6241 - 1 0 0 1 65 50 50 50 130 70
6242 - 1 0 0 1 70 70 70 70 130 50
6243 - 1 0 0 1 80 70 70 70 130 70
6244 - 1 0 0 1 85 60 60 60 190 55
6245 - 1 0 0 1 75 70 70 70 130 70
6246 - 1 0 0 1 100 60 60 60 300 65
6247 - 450 0 0 450 0 500 500 350 300 600
6248 - 100 0 0 0 0 300 300 300 200 350
6250 - 0 0 0 100 0 300 300 300 20 300
6252 - 0 0 0 0 200 300 250 300 250 350
6260 - 600 0 0 0 300 500 350 500 300 600
6261 - 100 0 0 0 200 100 300 300 200 350
6263 - 0 0 0 50 0 300 300 300 20 300
6265 - 0 0 0 0 100 300 250 300 250 350
//Jogre
6268 - 50 0 0 0 0 50 50 50 25 60
//Cyclops
6269 - 80 0 0 0 0 50 40 40 15 30
6270 - 80 0 0 0 0 50 40 40 15 30
//Orks
6271 - 95 0 0 0 0 70 70 70 30 70
6272 - 95 0 0 0 0 70 70 70 30 70
6273 - 95 0 0 0 0 70 70 70 30 70
6274 - 95 0 0 0 0 70 70 70 30 70
//Hobgoblin
6275 - 40 0 0 0 0 20 20 20 10 40
//Spiritual Ranger
6276 - 1 0 0 1 80 80 80 80 70 120
//Spiritual Warrior
6277 - 80 0 0 1 1 70 70 70 20 80
//Spiritual Mage
6278 - 1 0 0 90 1 40 40 40 190 20
//Goblins
6279 - 15 0 0 1 1 10 10 10 5 5
6280 - 10 0 0 1 1 8 8 8 5 5
6281 - 10 0 0 1 1 8 8 8 5 5
6282 - 12 0 0 1 1 9 9 9 5 5
6283 - 10 0 0 1 1 10 10 10 5 5
//Zamorak Warrior
6363 - 90 90 90 1 1 80 80 80 30 150
6364 - 90 90 90 1 1 80 80 80 30 150
//Zamorak Ranger
6365 - 1 1 1 1 110 40 40 40 150 80
6366 - 1 1 1 1 110 40 40 40 150 80
//Zamorak Mage
6367 - 1 1 1 85 1 60 60 60 350 5
6368 - 1 1 1 85 1 60 60 60 350 5
//Cave Lizard
6369 - 40 1 1 1 1 25 25 25 25 25
//Zamorak Crafter
6371 - 20 1 1 1 1 15 15 15 5 5
6372 - 20 1 1 1 1 15 15 15 5 5
//Spirit TerrorBird
6794 - 130 0 0 100 170 240 240 240 220 260
6795 - 130 0 0 100 170 240 240 240 220 260
6813 - 130 0 0 0 0 250 250 250 100 250
6814 - 130 0 0 0 0 200 200 200 100 250
6822 - 125 0 0 0 0 200 200 200 150 250
6823 - 125 0 0 0 0 200 200 200 150 250
6873 - 150 0 0 0 0 250 250 250 100 300
6874 - 150 0 0 0 0 250 250 250 100 300
7133 - 400 0 0 400 400 150 300 300 165 175
7134 - 400 0 0 400 400 150 300 300 165 175
7135 - 100 52 52 100 100 70 75 75 80 82
7329 - 190 0 0 250 225 295 295 295 370 275
7330 - 190 0 0 250 225 295 295 295 370 275
7339 - 190 0 0 190 190 325 325 325 325 325
7340 - 190 0 0 190 190 325 325 325 325 325
7341 - 180 0 0 150 150 325 325 325 275 370
7342 - 180 0 0 150 150 325 325 325 275 370
7343 - 200 0 0 230 250 350 350 350 300 400
7344 - 200 0 0 230 250 350 350 350 300 400
7349 - 150 0 0 150 150 250 300 250 200 255
7350 - 150 0 0 150 150 250 300 250 200 255
7356 - 185 0 0 150 150 325 325 325 275 370
7357 - 185 0 0 150 150 325 325 325 275 370
7358 - 185 0 0 150 150 325 325 325 275 370
7359 - 185 0 0 150 150 325 325 325 275 370
7360 - 185 0 0 150 150 325 325 325 275 370
7375 - 195 0 0 150 250 350 350 350 280 400
7376 - 195 0 0 150 250 350 350 350 280 400
8133 - 700 0 0 250 0 600 900 900 1000 900
8335 - 2000 2000 2000 2000 2000 1000 1000 1000 1000 1000
8349 - 450 0 0 450 450 200 350 350 200 250
8350 - 450 0 0 450 450 200 350 350 200 250
8351 - 450 0 0 450 450 200 350 350 200 250
8352 - 450 0 0 450 450 200 350 350 200 250
8353 - 450 0 0 450 450 200 350 350 200 250
8354 - 450 0 0 450 450 200 350 350 200 250
8355 - 450 0 0 450 450 200 350 350 200 250
8356 - 450 0 0 450 450 200 350 350 200 250
8357 - 450 0 0 450 450 200 350 350 200 250
8358 - 450 0 0 450 450 200 350 350 200 250
8359 - 450 0 0 450 450 200 350 350 200 250
8360 - 450 0 0 450 450 200 350 350 200 250
8361 - 450 0 0 450 450 200 350 350 200 250
8362 - 450 0 0 450 450 200 350 350 200 250
8363 - 450 0 0 450 450 200 350 350 200 250
8364 - 450 0 0 450 450 200 350 350 200 250
8365 - 450 0 0 450 450 200 350 350 200 250
8366 - 450 0 0 450 450 200 350 350 200 250
8528 - 200 0 0 150 0 250 350 350 250 400
8529 - 200 0 0 150 0 250 350 350 250 400
8549 - 280 221 221 210 210 278 180 180 100 160
//Chaos Dwogre Battlefield
8771 - 200 0 0 90 90 175 175 175 125 250
8772 - 100 0 0 90 90 75 75 75 25 50
8773 - 100 0 0 90 90 75 75 75 25 50
8774 - 100 0 0 90 90 75 75 75 25 50
8776 - 100 0 0 90 150 125 125 125 275 175
8777 - 100 0 0 90 150 125 125 125 275 175
8778 - 40 0 0 1 1 50 60 50 20 50
8779 - 40 0 0 1 1 50 60 50 20 50
8781 - 100 0 0 90 125 125 125 125 275 175
8782 - 100 0 0 90 125 125 125 125 275 175
8783 - 200 0 0 90 90 175 175 175 125 250
8784 - 200 0 0 90 90 175 175 175 125 250
8799 - 100 0 0 90 150 125 125 125 275 175
8800 - 100 0 0 90 150 125 125 125 275 175
//Aquanite
9172 - 1 0 0 140 1 90 90 90 400 40
//Stryke Wyrms
9463 - 200 0 0 150 0 379 398 454 377 387
9465 - 200 0 0 150 0 379 398 454 377 387
9467 - 200 0 0 150 0 379 398 454 377 387
9948 - 70 70 70 70 70 80 100 80 100 100
9949 - 70 70 70 70 70 80 100 80 100 100
9950 - 70 70 70 70 70 80 100 80 100 100
9951 - 70 70 70 70 70 80 100 80 100 100
9952 - 70 70 70 70 70 80 100 80 100 100
9953 - 70 70 70 70 70 80 100 80 100 100
9954 - 150 150 150 150 150 150 200 150 200 200
9955 - 150 150 150 150 150 100 125 100 125 125
9956 - 200 200 200 200 200 200 250 200 250 250
9957 - 200 200 200 200 200 200 250 200 250 250
9958 - 200 200 200 200 200 200 250 200 250 250
9959 - 200 200 200 200 200 200 250 200 250 250
9960 - 200 200 200 200 200 200 250 200 250 250
9961 - 200 200 200 200 200 200 250 200 250 250
9962 - 300 300 300 300 300 300 400 300 400 400
9963 - 400 400 400 400 400 350 480 350 480 480
9964 - 500 500 500 500 500 400 500 400 500 500
9965 - 70 0 0 120 0 200 200 200 150 0
9966 - 70 0 0 120 0 200 200 200 150 0
9967 - 70 0 0 120 0 200 200 200 150 0
9968 - 70 0 0 120 0 200 200 200 150 0
9969 - 70 0 0 120 0 200 200 200 150 0
9970 - 70 0 0 120 0 200 200 200 150 0
9971 - 70 0 0 120 0 200 200 200 150 0
9972 - 70 0 0 120 0 200 200 200 150 0
9973 - 70 0 0 120 0 200 200 200 150 0
9974 - 70 0 0 120 0 200 200 200 150 0
9975 - 70 0 0 120 0 200 200 200 150 0
9976 - 70 0 0 120 0 200 200 200 150 0
9977 - 70 0 0 120 0 200 200 200 150 0
9978 - 70 0 0 120 0 200 200 200 150 0
9979 - 70 0 0 120 0 200 200 200 150 0
9980 - 70 0 0 120 0 200 200 200 150 0
9981 - 70 0 0 120 0 200 200 200 150 0
9982 - 70 0 0 120 0 200 200 200 150 0
9983 - 70 0 0 120 0 200 200 200 150 0
9984 - 70 0 0 120 0 200 200 200 150 0
9985 - 70 0 0 120 0 200 200 200 150 0
9986 - 70 0 0 120 0 200 200 200 150 0
9987 - 70 0 0 120 0 200 200 200 150 0
9988 - 70 0 0 120 0 200 200 200 150 0
9989 - 70 0 0 120 0 200 200 200 150 0
9990 - 70 0 0 120 0 200 200 200 150 0
9991 - 70 0 0 120 0 200 200 200 150 0
9992 - 100 0 0 150 0 250 250 250 200 0
9993 - 100 0 0 150 0 250 250 250 200 0
9994 - 100 0 0 150 0 250 250 250 200 0
9995 - 140 0 0 200 0 300 300 300 250 0
9996 - 140 0 0 200 0 300 300 300 250 0
9997 - 140 0 0 200 0 300 300 300 250 0
9998 - 140 0 0 200 0 300 300 300 250 0
9999 - 140 0 0 200 0 300 300 300 250 0
10000 - 140 0 0 200 0 300 300 300 250 0
10001 - 140 0 0 200 0 300 300 300 250 0
10002 - 160 0 0 240 0 325 325 325 275 0
10003 - 160 0 0 240 0 325 325 325 275 0
10004 - 160 0 0 240 0 325 325 325 275 0
10005 - 160 0 0 240 0 325 325 325 275 0
10006 - 160 0 0 240 0 325 325 325 275 0
10007 - 160 0 0 240 0 325 325 325 275 0
10008 - 160 0 0 240 0 325 325 325 275 0
10009 - 160 0 0 240 0 325 325 325 275 0
10010 - 180 0 0 260 0 400 400 400 350 0
10011 - 180 0 0 260 0 400 400 400 350 0
10012 - 180 0 0 260 0 400 400 400 350 0
10013 - 180 0 0 260 0 400 400 400 350 0
10014 - 180 0 0 260 0 400 400 400 350 0
10015 - 180 0 0 260 0 400 400 400 350 0
10016 - 200 0 0 300 0 500 500 500 425 0
10017 - 200 0 0 300 0 500 500 500 425 0
10018 - 200 0 0 300 0 500 500 500 425 0
10019 - 200 0 0 300 0 500 500 500 425 0
10020 - 200 0 0 300 0 500 500 500 425 0
10021 - 200 0 0 300 0 500 500 500 425 0
10546 - -4 -4 126 -69 -23 606 638 405 -14 638
10547 - -4 -4 185 -65 -21 300 300 150 -14 534
10548 - 74 32 -4 -24 -9 215 202 122 -5 205
10604 - 121 10 10 124 0 214 215 254 201 320
10605 - 121 10 10 124 0 214 215 254 201 320
10606 - 121 10 10 124 0 214 215 254 201 320
10607 - 121 10 10 124 0 214 215 254 201 320
10608 - 121 10 10 124 0 214 215 254 201 320
10609 - 121 10 10 124 0 214 215 254 201 320
10776 - 341 18 18 244 240 284 295 301 261 350
10777 - 341 18 18 244 240 284 295 301 261 350
10778 - 341 18 18 244 240 284 295 301 261 350
10779 - 341 18 18 244 240 284 295 301 261 350
10780 - 341 18 18 244 240 284 295 301 261 350
10781 - 341 18 18 244 240 284 295 301 261 350
11872 - 2000 2000 2000 2000 2000 400 500 500 500 400
17182 - 500 500 500 500 500 450 450 450 175 600
12878 - 170 100 100 400 360 320 311 314 366 300
13447 - 600 300 300 300 600 425 425 425 1500 425
13448 - 600 300 300 300 600 425 425 425 1500 425
13449 - 600 300 300 300 600 425 425 425 1500 425
13450 - 600 300 300 300 600 425 425 425 1500 425
13465 - 10 0 0 8 12 7 7 7 5 8
13466 - 12 0 0 10 15 8 8 8 6 10
13467 - 15 0 0 12 18 10 10 10 7 12
13468 - 18 0 0 15 22 12 12 12 8 15
13469 - 22 0 0 18 27 15 15 15 10 18
13470 - 27 0 0 22 33 18 18 18 12 22
13471 - 33 0 0 27 41 22 22 22 15 27
13472 - 41 0 0 33 51 27 27 27 18 33
13473 - 51 0 0 41 63 33 33 33 22 41
13474 - 63 0 0 51 78 41 41 41 27 51
13475 - 78 0 0 63 97 51 51 51 33 63
13476 - 97 0 0 78 121 63 63 63 41 78
13477 - 121 0 0 97 151 78 78 78 51 97
13478 - 151 0 0 121 188 97 97 97 63 121
13479 - 188 0 0 151 235 121 121 121 78 151
13480 - 235 0 0 188 293 151 151 151 97 188
13481 - 293 0 0 235 366 188 188 188 121 235
14256 - 500 500 500 500 500 450 450 450 300 600
14436 - 80 0 0 0 0 250 250 250 50 300
14483 - 80 0 0 0 0 150 150 150 100 100
14548 - 121 10 10 170 0 200 215 254 201 320
//High Level Chronozon
14550 - 700 0 0 500 300 100 100 100 500 300
//High Level Agrith Naar
14502 - 300 0 0 900 180 200 200 200 30 400
14578 - 20 0 0 0 0 30 30 30 30 30
//Pest Knights
3782 - 100 50 50 70 70 60 60 60 60 60
3784 - 100 50 50 70 70 60 60 60 60 60
3785 - 100 50 50 70 70 60 60 60 60 60
8422 - 500 500 500 500 500 500 500 500 500 500
//glacor
14301 - 115 0 0 250 100 600 600 600 150 600
//Grifolapine
14688 - 70 0 0 160 0 5000 5000 5000 45 5000
//Fungal Mage
14690 - 100 0 0 100 0 5000 5000 5000 15 5000
//Fungal Rodents
14692 - 50 0 0 50 0 5000 5000 5000 5 5000
//Infested Axe
14694 - 70 0 0 100 0 5000 5000 5000 15 5000
//ganodermic beast
14696 - 200 0 0 150 0 100 100 100 100 100
14697 - 200 0 0 150 0 100 100 100 100 100
//gano runts 
14698 - 60 0 0 69 69 50 60 59 50 40
14699 - 60 0 0 69 69 50 60 59 50 40
//Grifolaroo
14700 - 70 0 0 120 0 5000 5000 5000 30 5000
//Party Demon
15581 - 1200 0 0 1000 1000 500 500 500 1000 900
15174 - 200 0 0 150 0 250 350 350 250 400
15201 - 80 0 0 0 0 45 47 50 30 70
15202 - 0 0 0 0 140 150 200 200 200 300
15203 - 160 0 0 80 0 200 200 200 200 200
15204 - 320 0 0 0 0 150 185 185 80 250
15205 - 160 0 0 0 160 135 150 150 80 200
15206 - 320 0 0 0 0 190 185 185 80 250
15207 - 400 0 0 320 250 350 350 350 300 400
15208 - 2000 2000 2000 2000 2000 1000 1000 1000 150 1000
15209 - 200 0 0 0 250 250 250 500 400 550
15210 - 200 0 0 190 0 500 500 500 400 300
15211 - 0 0 0 0 0 1000 1000 1000 150 1000
15213 - 200 0 0 0 0 250 250 250 80 300
15214 - 200 0 0 0 0 250 250 250 80 300
15222 - 280 221 221 210 210 278 280 280 300 360
15454 - 0 0 0 0 0 100 100 100 100 100
15464 - 157 100 100 88 4 107 198 124 178 157
15506 - 0 0 0 0 0 10 10 10 200 10
15507 - 0 0 0 0 0 200 200 200 10 200
15510 - 112 100 100 178 4 175 142 285 235 195
//Party Demon
15581 - 1200 0 0 1000 1000 500 500 500 1000 900
745 - 500 500 500 500 500 500 500 500 500 500
134 - 100 0 0 0 0 100 100 100 0 100
//Dung Bosses
9948 - 10 10 10 70 70 10 10 10 10 10
10116 - 100 50 50 70 70 60 60 60 60 60
9903 - 200 50 50 70 70 120 120 120 120 120
12825 - 250 250 250 250 250 250 250 250 250 250
//Pest Knights
3782 - 100 50 50 70 70 60 60 60 60 60
3784 - 100 50 50 70 70 60 60 60 60 60
3785 - 100 50 50 70 70 60 60 60 60 60
8422 - 500 500 500 500 500 500 500 500 500 500
16905 - 300 300 300 300 300 600 600 600 600 100
16906 - 300 300 300 300 300 100 100 100 600 600
16907 - 300 300 300 300 300 600 600 600 100 600
//shadows
20267 - 250 250 250 250 250 500 500 500 150 500
20266 - 250 250 250 250 250 500 500 500 100 500
20265 - 250 250 250 250 250 500 500 500 50 500