InterfaceId: 391
Configs: [362, 363, 729, 1888, 731]
ConfigsByFile: [74, 75, 76, 77, 78, 135, 79, 80, 81, 82, 83, 84, 85, 86, 87, 88, 89, 90, 91, 92, 93, 94, 95, 96, 97, 98, 2131, 2132, 2133, 2134, 2135, 2136, 2137, 2138, 2139, 8957, 2143, 2144, 2145, 2146, 2147, 2148, 2149, 2150, 2151, 2152, 2153, 2154, 2155, 2156, 2157, 2158, 2159, 2160, 2161, 2162]
GlobalIntVar: []
GlobalStringVar: []
HiddenComponents: [22, 24, 28, 32]

362 -> coffers amount (362, coins);
363 -> wood amount
729 ->herbs/flag

configf:
135 - fishing 
1888 idle

363:
16 -> #1 herb
17 -> #1 herb #1 wood

