//use: Object type rotation - x y plane boolean clip
//home
172 10 0 - 3509 3484 0
2564 10 1 - 3508 3483 0
4876 10 0 - 3510 3484 0
91557 10 0 - 3509 3487 0
409 10 1 - 3503 3496 0
//end of home
//Bork Crates
//8150 10 0 - 3688 2982 0
42219 10 0 - 5490 4431 0
28502 10 1 - 1896 3177 0
5012 10 0 - 5518 4469 0
2213 10 0 - 5505 4408 3
2213 10 0 - 5504 4408 3
2213 10 0 - 5503 4408 3
12352 10 2 - 3562 9501 0
12352 10 2 - 3562 9502 0
11005 10 1 - 1501 4955 0
11005 10 1 - 1500 4955 0
11005 10 1 - 1499 4955 0
2503 10 0 - 5514 4446 0
5055 10 0 - 2248 3299 0
4954 10 0 - 3186 4617 0
6448 10 0 - 3196 4567 0
27254 10 0 - 5503 4436 0
6848 10 0 - 3358 9439 0
354 10 0 - 1807 3218 0
354 10 0 - 2530 10022 0
354 10 0 - 2530 10023 0
354 10 0 - 2530 10024 0
354 10 0 - 2530 10025 0
354 10 0 - 2530 10026 0
354 10 0 - 2530 10027 0
354 10 0 - 2530 10028 0
354 10 0 - 2530 10029 0
354 10 0 - 2530 10030 0
354 10 0 - 2530 10031 0
354 10 0 - 2530 10032 0
13704 10 0 - 3305 3503 0
2782 10 1 - 3186 5723 0
2782 10 1 - 3187 5723 0
66795 10 0 - 2839 3536 2
2783 10 1 - 2656 3162 0
//Donatorzone
1306 10 0 - 3686 2971 0
1306 10 0 - 3684 2971 0
1306 10 0 - 3682 2971 0
1306 10 0 - 3680 2971 0
1306 10 0 - 3675 2974 0
2732 10 0 - 3679 2984 0
4483 10 -3 - 2592 3916 0
4483 10 -2 - 2581 3905 0
3192 10 -3 - 2579 3917 0
//k
17010 10 0 - 2584 3918 0
6552 10 2 - 2589 3919 0
47120 10 0 - 2178 3136 0
//skilling
1276 10 0 - 2597 3363 0
1281 10 0 - 2596 3360 0
139 10 0 - 2597 3359 0
1307 10 0 - 2602 3356 0
1309 10 0 - 2598 3356 0
1306 10 0 - 2600 3361 0
2090 10 0 - 2605 3351 0 
2094 10 0 - 2604 3351 0 
2092 10 0 - 2603 3351 0 
2096 10 0 - 2602 3351 0 
2103 10 0 - 2601 3351 0 
2104 10 0 - 2600 3351 0 
14860 10 0 - 2599 3351 0 
4304 10 1 - 2605 3356 0
28716 10 0 - 3179 5706 0
38698 10 0 - 3185 5732 0
409 10 -3 - 3174 5715 0
3192 10 -3 - 3192 5735 0
17010 10 0 - 5483 4446 0
409 10 1 - 5488 4455 0
28716 10 0 - 5484 4463 0
47120 10 0 - 5519 4461 0
6552 10 0 - 5519 4454 0
2782 10 1 - 5511 4446 0
38698 10 1 - 5520 4446 0
3192 10 2 - 5517 4443 0
172 10 3 - 2193 3146 0
1306 10 0 - 5492 4444 0
1306 10 0 - 5493 4441 0
1306 10 0 - 5515 4436 0
1306 10 0 - 5510 4435 0
1306 10 0 - 5512 4430 0
2091 10 0 - 5472 4439 0
2095 10 0 - 5473 4439 0
2093 10 0 - 5474 4439 0
2097 10 0 - 5466 4439 0
2103 10 0 - 5478 4439 0
2105 10 0 - 5479 4439 0
1309 10 0 - 5481 4427 0
1309 10 0 - 5481 4430 0
1309 10 0 - 5481 4425 0
1309 10 0 - 5470 4425 0
1309 10 0 - 5470 4427 0
4304 10 0 - 5469 4430 0
782 10 0 - 5475 4440 0
782 10 0 - 5476 4440 0
2273 10 0 - 5494 4459 0
-1 10 0 - 3543 9501 0
-1 10 0 - 3543 9500 0
0 10 0 - 3543 9501 0
49766 10 0 - 3160 9570 0
49766 10 0 - 3154 9569 0
49766 10 0 - 3151 9570 0
49774 10 0 - 3145 9572 0
49774 10 0 - 3149 9580 0
49774 10 0 - 3150 9586 0
49774 10 0 - 3153 9581 0
49774 10 0 - 3145 9567 0
49780 10 0 - 3160 9553 0
49780 10 0 - 3159 9553 0
49780 10 0 - 3163 9549 0
49780 10 0 - 3164 9539 0
49780 10 0 - 3194 9556 0
49780 10 0 - 3193 9556 0
49780 10 0 - 3192 9556 0
49782 10 0 - 3224 9560 0
49782 10 0 - 3224 9559 0
49782 10 0 - 3231 9578 0
49782 10 0 - 3232 9572 0
49782 10 0 - 3219 9580 0
49782 10 0 - 3219 9586 0
49782 10 0 - 3220 9590 0
49782 10 0 - 3222 9593 0
49784 10 0 - 3246 9568 0
49784 10 0 - 3248 9556 0
49784 10 0 - 3258 9581 0
49784 10 0 - 3241 9580 0
49784 10 0 - 3240 9580 0
49930 10 0 - 3222 9555 0
-1 10 0 - 3222 9555 0
13291 10 0 - 3157 9575 0
13291 10 0 - 3180 9541 0
13291 10 0 - 3193 9585 0
13291 10 0 - 3226 9589 0
13291 10 0 - 3231 9551 0
3332 10 0 - 3232 9569 0
13291 10 0 - 3242 9559 0
12103 10 0 - 3221 9555 0
-1 10 0 - 3541 9507 0
-1 10 0 - 3541 9508 0
-1 10 0 - 3543 9511 0
-1 10 0 - 3544 9511 0
-1 10 0 - 3545 9511 0
-1 10 0 - 3547 9511 0
-1 10 0 - 3548 9511 0
-1 10 0 - 3551 9512 0
-1 10 0 - 3552 9512 0
-1 10 0 - 3554 9512 0
-1 10 0 - 3555 9512 0
-1 10 0 - 3556 9512 0
-1 10 0 - 3557 9512 0
-1 10 0 - 3561 9510 0
-1 10 0 - 3561 9509 0
-1 10 0 - 3561 9507 0
-1 10 0 - 3561 9506 0
-1 10 0 - 3561 9505 0
-1 10 0 - 3562 9496 0
-1 10 0 - 3562 9495 0
-1 10 0 - 3554 9492 0
-1 10 0 - 3553 9492 0
-1 10 0 - 3552 9492 0
-1 10 0 - 3550 9492 0
-1 10 0 - 3549 9492 0
-1 10 0 - 3541 9494 0
-1 10 0 - 3541 9495 0
-1 10 0 - 3541 9496 0
-1 10 0 - 3541 9497 0
-1 10 0 - 3541 9498 0
-1 10 0 - 3541 9499 0
-1 10 0 - 3542 9506 0
-1 10 0 - 3542 9507 0
-1 10 0 - 3542 9508 0
-1 10 0 - 3542 9509 0
-1 10 0 - 3542 9500 0
500 10 0 - 2977 5791 1
//ldz
782 10 0 - 4381 5907 0
782 10 0 - 4382 5907 0
782 10 0 - 4383 5907 0
2782 10 0 - 4379 5907 0
49780 10 0 - 4378 5907 0
49780 10 0 - 4377 5907 0
49780 10 0 - 4376 5907 0
49780 10 0 - 4375 5908 0
49780 10 0 - 4375 5909 0
49780 10 0 - 4375 5910 0
2732 10 0 - 4385 5907 0
1306 10 0 - 4375 5911 0
1306 10 0 - 4375 5913 0
66797 10 0 - 2839 3535 3
-1 10 0 - 2847 3532 3
-1 10 0 - 2848 3532 3
-1 10 0 - 2849 3532 3
-1 10 0 - 2850 3532 3
-1 10 0 - 2851 3532 3
-1 10 0 - 2852 3532 3
-1 10 0 - 2853 3532 3
-1 10 0 - 2854 3532 3
-1 10 0 - 2855 3532 3
-1 10 0 - 2856 3532 3
-1 10 0 - 2857 3532 3
-1 10 0 - 2858 3532 3
-1 10 0 - 2859 3532 3
4483 10 2 - 5509 4443 0
4483 10 2 - 5508 4443 0
26982 10 0 - 2838 3533 2
//Negative Object Spawned by 44_m
-1 10 0 - 2327 3693 0
//Negative Object Spawned by 44_m
-1 10 0 - 2328 3693 0
//Negative Object Spawned by 44_m
-1 10 0 - 2329 3693 0
//Negative Object Spawned by 44_m
-1 10 0 - 2330 3693 0
//Negative Object Spawned by 44_m
-1 10 0 - 2331 3693 0
//Negative Object Spawned by 44_m
-1 10 0 - 2332 3693 0
//Negative Object Spawned by 44_m
-1 10 0 - 2332 3692 0
//Negative Object Spawned by 44_m
-1 10 0 - 2332 3691 0
//Negative Object Spawned by 44_m
-1 10 0 - 2331 3692 0
//Negative Object Spawned by 44_m
-1 10 0 - 2330 3692 0
//Negative Object Spawned by 44_m
-1 10 0 - 2327 3691 0
//Negative Object Spawned by 44_m
-1 10 0 - 2327 3689 0
//Negative Object Spawned by 44_m
-1 10 0 - 2327 3688 0
//Negative Object Spawned by 44_m
-1 10 0 - 2327 3687 0
//Negative Object Spawned by 44_m
-1 10 0 - 2329 3686 0
//Negative Object Spawned by 44_m
-1 10 0 - 2327 3686 0
//Negative Object Spawned by 44_m
-1 10 0 - 2332 3686 0
//Negative Object Spawned by 44_m
-1 10 0 - 2332 3687 0
//Negative Object Spawned by 44_m
-1 10 0 - 2333 3692 0
//Negative Object Spawned by 44_m
-1 10 0 - 2333 3693 0
//Negative Object Spawned by 44_m
-1 10 0 - 2336 3691 0
//Negative Object Spawned by 44_m
-1 10 0 - 2338 3690 0
//Negative Object Spawned by 44_m
-1 10 0 - 2339 3690 0
//Negative Object Spawned by 44_m
-1 10 0 - 2340 3690 0
//Negative Object Spawned by 44_m
-1 10 0 - 2340 3691 0
//Negative Object Spawned by 44_m
-1 10 0 - 2341 3692 0
//Negative Object Spawned by 44_m
-1 10 0 - 2341 3690 0
//Negative Object Spawned by 44_m
-1 10 0 - 2342 3690 0
//Negative Object Spawned by 44_m
-1 10 0 - 2342 3689 0
//Negative Object Spawned by 44_m
-1 10 0 - 2341 3689 0
//Negative Object Spawned by 44_m
-1 10 0 - 2340 3689 0
//Negative Object Spawned by 44_m
-1 10 0 - 2339 3689 0
//Negative Object Spawned by 44_m
-1 10 0 - 2339 3688 0
//Negative Object Spawned by 44_m
-1 10 0 - 2340 3688 0
//Negative Object Spawned by 44_m
-1 10 0 - 2341 3688 0
//Negative Object Spawned by 44_m
-1 10 0 - 2338 3689 0
//Negative Object Spawned by 44_m
-1 10 0 - 2344 3688 0
//Negative Object Spawned by 44_m
-1 10 0 - 2355 3684 0
//Negative Object Spawned by 44_m
-1 10 0 - 2356 3684 0
//Negative Object Spawned by 44_m
-1 10 0 - 2356 3685 0
//Negative Object Spawned by 44_m
-1 10 0 - 2356 3688 0
//Negative Object Spawned by 44_m
-1 10 0 - 2355 3692 0
//Negative Object Spawned by 44_m
-1 10 0 - 2354 3692 0
//Negative Object Spawned by 44_m
-1 10 0 - 2355 3695 0
//Negative Object Spawned by 44_m
-1 10 0 - 2355 3694 0
//Negative Object Spawned by 44_m
-1 10 0 - 2352 3684 0
//Negative Object Spawned by 44_m
-1 10 0 - 2343 3676 0
//Negative Object Spawned by 44_m
-1 10 0 - 2341 3676 0
//Negative Object Spawned by 44_m
-1 10 0 - 2341 3675 0
//Negative Object Spawned by 44_m
-1 10 0 - 2344 3675 0
//Negative Object Spawned by 44_m
-1 10 0 - 2344 3676 0
//Negative Object Spawned by 44_m
-1 10 0 - 2343 3676 0
//Negative Object Spawned by 44_m
-1 10 0 - 2343 3675 0
//Negative Object Spawned by 44_m
-1 10 0 - 2342 3678 0
//Negative Object Spawned by 44_m
-1 10 0 - 2345 3678 0
//Negative Object Spawned by 44_m
-1 10 0 - 2346 3678 0
//Negative Object Spawned by 44_m
-1 10 0 - 2346 3677 0
//Negative Object Spawned by 44_m
-1 10 0 - 2346 3674 0
//Negative Object Spawned by 44_m
-1 10 0 - 2346 3673 0
//Negative Object Spawned by 44_m
-1 10 0 - 2345 3673 0
//Negative Object Spawned by 44_m
-1 10 0 - 2345 3672 0
//Negative Object Spawned by 44_m
-1 10 0 - 2344 3672 0
//Negative Object Spawned by 44_m
-1 10 0 - 2343 3673 0
//Negative Object Spawned by 44_m
-1 10 0 - 2342 3673 0
//Negative Object Spawned by 44_m
-1 10 0 - 2340 3673 0
//Negative Object Spawned by 44_m
-1 10 0 - 2339 3673 0
//Negative Object Spawned by 44_m
-1 10 0 - 2338 3673 0
//Negative Object Spawned by 44_m
-1 10 0 - 2338 3674 0
//Negative Object Spawned by 44_m
-1 10 0 - 2339 3674 0
//Negative Object Spawned by 44_m
-1 10 0 - 2341 3673 0
//Negative Object Spawned by 44_m
-1 10 0 - 2339 3678 0
//Negative Object Spawned by 44_m
-1 10 0 - 2338 3678 0
//Negative Object Spawned by 44_m
-1 10 0 - 2341 3672 0
//Negative Object Spawned by 44_m
-1 10 0 - 2346 3668 0
//Negative Object Spawned by 44_m
-1 10 0 - 2347 3667 0
//Negative Object Spawned by 44_m
-1 10 0 - 2346 3667 0
//Negative Object Spawned by 44_m
-1 10 0 - 2346 3666 0
//Negative Object Spawned by 44_m
-1 10 0 - 2346 3665 0
//Negative Object Spawned by 44_m
-1 10 0 - 2345 3665 0
//Negative Object Spawned by 44_m
-1 10 0 - 2345 3666 0
//Negative Object Spawned by 44_m
-1 10 0 - 2345 3667 0
//Negative Object Spawned by 44_m
-1 10 0 - 2332 3671 0
//Negative Object Spawned by 44_m
-1 10 0 - 2332 3670 0
//Negative Object Spawned by 44_m
-1 10 0 - 2330 3670 0
//Negative Object Spawned by 44_m
-1 10 0 - 2328 3670 0
//Negative Object Spawned by 44_m
-1 10 0 - 2328 3667 0
//Negative Object Spawned by 44_m
-1 10 0 - 2328 3666 0
//Negative Object Spawned by 44_m
-1 10 0 - 2330 3666 0
//Negative Object Spawned by 44_m
-1 10 0 - 2333 3666 0
//Negative Object Spawned by 44_m
-1 10 0 - 2325 3666 0
//Negative Object Spawned by 44_m
-1 10 0 - 2326 3691 0
//Negative Object Spawned by 44_m
-1 10 0 - 2333 3686 0
//Negative Object Spawned by 44_m
-1 10 0 - 2317 3682 0
//Negative Object Spawned by 44_m
-1 10 0 - 2316 3682 0
//Negative Object Spawned by 44_m
-1 10 0 - 2316 3684 0
//Negative Object Spawned by 44_m
-1 10 0 - 2316 3686 0
//Negative Object Spawned by 44_m
-1 10 0 - 2316 3688 0
//Negative Object Spawned by 44_m
-1 10 0 - 2316 3689 0
//Negative Object Spawned by 44_m
-1 10 0 - 2321 3688 0
//Negative Object Spawned by 44_m
-1 10 0 - 2321 3689 0
//Negative Object Spawned by 44_m
-1 10 0 - 2320 3688 0
//Negative Object Spawned by 44_m
-1 10 0 - 2320 3686 0
//Negative Object Spawned by 44_m
-1 10 0 - 2320 3684 0
//Negative Object Spawned by 44_m
-1 10 0 - 2320 3682 0
//Negative Object Spawned by 44_m
-1 10 0 - 2320 3680 0
//Negative Object Spawned by 44_m
-1 10 0 - 2321 3678 0
//Negative Object Spawned by 44_m
-1 10 0 - 2316 3678 0
//Negative Object Spawned by 44_m
-1 10 0 - 2316 3680 0
//Negative Object Spawned by 44_m
-1 10 0 - 2321 3670 0
//Negative Object Spawned by 44_m
-1 10 0 - 2318 3672 0
//Negative Object Spawned by 44_m
-1 10 0 - 2341 3679 0
//(craft/smith/cook/fm)
90271 10 0 - 3815 4387 1
2782 10 2 - 3808 4391 1
6189 10 1 - 3810 4390 1
2642 10 0 - 3806 4389 1
2644 10 3 - 3806 4388 1
3198 10 0 - 3807 4386 1
114 10 2 - 3815 4385 1
88246 10 0 - 3810 4387 1
//mining
45076 10 0 - 3763 4379 1
5999 10 0 - 3760 4379 1
90271 10 2 - 3762 4387 1
90271 10 3 - 3757 4382 1
90271 10 0 - 3752 4386 1
90271 10 1 - 3757 4392 1
2560 10 0 - 3751 4379 1
2560 10 0 - 3750 4379 1
2560 10 0 - 3749 4379 1
2560 10 0 - 3748 4380 1
2560 10 0 - 3748 4381 1
2560 10 0 - 3748 4382 1
2560 10 0 - 3750 4381 1
92713 10 0 - 3766 4391 1
92713 10 0 - 3766 4392 1
92713 10 0 - 3766 4393 1
92713 10 0 - 3764 4394 1
92713 10 0 - 3763 4394 1
92713 10 0 - 3762 4394 1
92713 10 0 - 3764 4392 1
2104 10 0 - 3751 4395 1
14859 10 0 - 3750 4395 1
2104 10 0 - 3749 4395 1
2104 10 0 - 3748 4394 1
14859 10 0 - 3748 4393 1
2104 10 0 - 3748 4392 1
14859 10 0 - 3750 4393 1
2090 10 0 - 3746 4392 1
2094 10 0 - 3746 4393 1
2092 10 0 - 3745 4395 1
2092 10 0 - 3744 4394 1
2100 10 0 - 3743 4393 1
2100 10 0 - 3743 4395 1
2100 10 0 - 3741 4394 1
2096 10 0 - 3740 4393 1
2096 10 0 - 3739 4392 1
2096 10 0 - 3739 4391 1
2102 10 0 - 3739 4390 1
2102 10 0 - 3739 4389 1
2102 10 0 - 3739 4387 1
2102 10 0 - 3739 4386 1
2098 10 0 - 3740 4385 1
2098 10 0 - 3741 4385 1
2098 10 0 - 3742 4385 1
2098 10 0 - 3741 4387 1
2092 10 0 - 3743 4385 1
2092 10 0 - 3744 4385 1
2092 10 0 - 3745 4386 1
2094 10 0 - 3746 4387 1
2090 10 0 - 3746 4388 1
2108 10 0 - 3743 4389 1
2108 10 0 - 3742 4391 1
2108 10 0 - 3741 4389 1
//rc / prayer / cons 
79519 10 0 - 3764 4416 1
79520 10 0 - 3764 4412 1
26847 10 0 - 3758 4415 1
16684 10 0 - 3759 4408 1
16684 10 3 - 3753 4408 1
13197 10 3 - 3750 4410 1
90271 10 2 - 3750 4414 1
93284 10 0 - 3750 4417 1
//woodcutting
87508 10 0 - 3793 4420 1
87508 10 0 - 3793 4431 1
46320 5 1 - 3790 4435 1
46320 5 1 - 3789 4435 1
46320 5 1 - 3788 4435 1
46320 5 1 - 3787 4435 1
46320 5 1 - 3786 4435 1
46320 5 1 - 3785 4435 1
1306 10 0 - 3779 4434 1
1306 10 0 - 3779 4431 1
1306 10 0 - 3779 4426 1
1309 10 0 - 3779 4422 1
1309 10 0 - 3783 4420 1
139 10 0 - 3787 4420 1
139 10 0 - 3792 4421 1
139 10 0 - 3788 4422 1
139 10 0 - 3789 4420 1
88246 10 0 - 3790 4428 1
66668 10 0 - 3787 4428 1
//fish
47150 10 0 - 3809 4399 1
47150 10 0 - 3802 4399 1
47150 10 0 - 3802 4404 1
47150 10 0 - 3809 4404 1
90271 10 0 - 3807 4402 1
//summoning room
90271 10 0 - 3791 4394 1
90271 10 2 - 3784 4394 1
67036 10 0 - 3786 4403 1
63208 10 3 - 3785 4407 1
63208 10 3 - 3786 4407 1
92915 10 0 - 3786 4412 1
//entrance
1317 10 0 - 3790 4377 1
187 10 0 - 3781 4378 1
12128 22 0 - 3795 4387 1
92120 10 0 - 3779 4387 1
92413 10 3 - 3792 4390 1
92414 10 3 - 3790 4390 1
93249 10 3 - 3784 4390 1
92696 10 3 - 3782 4390 1